{
  "poses": [
    {
      "nodeUuid": "38892b43-4139-4582-ba6b-cef7a9007d7c",
      "optPos": [
        -0.3487596626714248,
        -0.9370744582950241,
        0.01606727433016279,
        483903.6241977302,
        0.9371008846588589,
        -0.3489312056616526,
        -0.009431102114242168,
        3620830.855574081,
        0.014444018308548766,
        0.011767468996869269,
        0.9998264334415802,
        -30.620878384323337,
        0,
        0,
        0,
        1
      ]
    },
    {
      "nodeUuid": "450bc3d2-78f0-4079-97f8-4c2faca9bd9c",
      "optPos": [
        -0.3494320258616421,
        -0.9368914550475075,
        0.0114743523212741,
        483906.2808380203,
        0.9368879931880362,
        -0.3495319524950685,
        -0.008264526912033098,
        3620823.7240922246,
        0.01175361741436523,
        0.00786229253775119,
        0.9999000134182052,
        -30.694688787700983,
        0,
        0,
        0,
        1
      ]
    },
    {
      "nodeUuid": "8e493c0c-9511-4649-9641-247358bab560",
      "optPos": [
        -0.3484632088413579,
        -0.9372529982099164,
        0.011410934690311111,
        483908.61224360863,
        0.937205793261681,
        -0.34858608739288327,
        -0.011534329320087865,
        3620817.440258301,
        0.014788277814784173,
        0.006675104691579487,
        0.9998683662445922,
        -30.763276557378834,
        0,
        0,
        0,
        1
      ]
    },
    {
      "nodeUuid": "9af98271-50fb-48e6-bca4-32614c7b0eba",
      "optPos": [
        -0.34979129725747166,
        -0.9367485578179103,
        0.012173240694202198,
        483906.2441939103,
        0.9367594577839854,
        -0.3498930873087761,
        -0.007519687878165142,
        3620824.26176427,
        0.011303389544159267,
        0.008773076974300143,
        0.9998976280125957,
        -30.688055986955842,
        0,
        0,
        0,
        1
      ]
    },
    {
      "nodeUuid": "cb4360de-9f4b-414c-aaac-c68c059d67fd",
      "optPos": [
        -0.34942551225278323,
        -0.9368899821404137,
        0.01178867048544493,
        483906.0274129287,
        0.9368872369997536,
        -0.349530378153739,
        -0.008415455701903983,
        3620824.3995516286,
        0.012004854594967656,
        0.008104079999530646,
        0.9998950981745603,
        -30.686298899264425,
        0,
        0,
        0,
        1
      ]
    },
    {
      "nodeUuid": "e8357165-1b22-4bf5-9e58-dbcd28cf7a70",
      "optPos": [
        -0.3491414981724171,
        -0.9369829253007548,
        0.012775443192296624,
        483905.78137516463,
        0.9369820777040851,
        -0.34926305931159335,
        -0.008938761750975441,
        3620825.061727719,
        0.012837457507398441,
        0.008849468636366743,
        0.999878435905885,
        -30.677288227934955,
        0,
        0,
        0,
        1
      ]
    }
  ]
}