{
  "poses" : [
    {
      "nodeUuid" : "fbaa919e-d1a5-480e-8dda-267c21f31203",
      "optPos" : [
        -0.9997419278156663,
        -0.021621128213446306,
        -0.006971698658939542,
        483703.31269637024,
        0.021417685405663654,
        -0.9993772497500242,
        0.02804274298176008,
        3621315.434880425,
        -0.007573672773322288,
        0.027886188281203855,
        0.9995824128024003,
        -30.818053826681517,
        0.0,
        0.0,
        0.0,
        1.0
      ]
    },
    {
      "nodeUuid" : "845a95f3-ef84-4d7f-b54a-de4d77b9846d",
      "optPos" : [
        -0.6973772576918917,
        -0.7166009653449734,
        0.012166220480877706,
        483725.15936582297,
        0.7166642661306686,
        -0.6974171606998807,
        0.0012781285952759907,
        3621306.800104802,
        0.0075690227590126755,
        0.009610433287263296,
        0.9999251719336328,
        -30.64957349971658,
        0.0,
        0.0,
        0.0,
        1.0
      ]
    },
    {
      "nodeUuid" : "9be2b439-7ab3-47ad-85e3-c885d698f7af",
      "optPos" : [
        -0.9999163689556512,
        0.005797495211616551,
        -0.011560456038395488,
        483702.36053792865,
        -0.006118800345374228,
        -0.9995904670491338,
        0.02795457863798919,
        3621315.4551196713,
        -0.01139365511492421,
        0.02802297688978377,
        0.9995423439701568,
        -30.833787603861857,
        0.0,
        0.0,
        0.0,
        1.0
      ]
    },
    {
      "nodeUuid" : "8f45a524-3711-4cc6-9462-4ff9bd70457a",
      "optPos" : [
        -0.7206102096897588,
        -0.6932054779406072,
        0.01367812282502265,
        483724.71880491736,
        0.6932828988939355,
        -0.7206642999027015,
        0.001337515222758863,
        3621307.258370049,
        0.008930161930432707,
        0.0104466357686945,
        0.9999055555446282,
        -30.655952113580167,
        0.0,
        0.0,
        0.0,
        1.0
      ]
    },
    {
      "nodeUuid" : "266f8356-e63c-428e-9434-eb954e46c7eb",
      "optPos" : [
        -0.9993020722272361,
        0.033891403759561456,
        -0.01570799775768219,
        483701.3951892109,
        -0.03431629007653609,
        -0.9990293306686556,
        0.02761862956629316,
        3621315.4489034824,
        -0.014756716360084975,
        0.028138393965247397,
        0.9994951075954922,
        -30.84568710799886,
        0.0,
        0.0,
        0.0,
        1.0
      ]
    },
    {
      "nodeUuid" : "10750655-decd-4878-8c8c-4209e4e3de1d",
      "optPos" : [
        -0.743890870233078,
        -0.6681328888025873,
        0.014993868219551171,
        483724.2496726651,
        0.6682162581587198,
        -0.7439667058242868,
        7.569394427832112E-4,
        3621307.7017651093,
        0.010649202610307574,
        0.010582226857799155,
        0.9998872991285043,
        -30.658243089654196,
        0.0,
        0.0,
        0.0,
        1.0
      ]
    },
    {
      "nodeUuid" : "3555db09-e253-4745-baa0-7d64ba989f4d",
      "optPos" : [
        -0.9979824268016004,
        0.06105396892709624,
        -0.01742092630824563,
        483700.42039413494,
        -0.0615138921160334,
        -0.9977351564298148,
        0.02721394313051214,
        3621315.417560146,
        -0.015719951397035678,
        0.028230665989716037,
        0.9994778199769373,
        -30.857099085591933,
        0.0,
        0.0,
        0.0,
        1.0
      ]
    },
    {
      "nodeUuid" : "c9b101df-fc8e-4a43-ad62-c8a480f76ff4",
      "optPos" : [
        -0.76614507723313,
        -0.6424848768464457,
        0.015326566968822862,
        483723.7572344067,
        0.6425688678507584,
        -0.7662275786628068,
        7.401118348393863E-4,
        3621308.1414269875,
        0.011268127636675106,
        0.010415407824059496,
        0.9998822673592245,
        -30.657445499348977,
        0.0,
        0.0,
        0.0,
        1.0
      ]
    },
    {
      "nodeUuid" : "c66f2b89-f6da-45c5-a576-18d611de4662",
      "optPos" : [
        -0.9960355574588085,
        0.08771382314111346,
        -0.014813963267415875,
        483699.4359680037,
        -0.08810189884628752,
        -0.9957187406979336,
        0.02796864034234146,
        3621315.355017262,
        -0.012297304476891254,
        0.029162898568047546,
        0.9994990253370499,
        -30.882351476960206,
        0.0,
        0.0,
        0.0,
        1.0
      ]
    },
    {
      "nodeUuid" : "28677ed4-dc36-48d5-b0fc-3dadffee3a5f",
      "optPos" : [
        -0.7872953615191772,
        -0.6163762153072407,
        0.015696335047014655,
        483723.24224619864,
        0.6164540018205855,
        -0.7873909075228076,
        1.496321932939399E-4,
        3621308.575896851,
        0.012266921772460292,
        0.009793873285363162,
        0.9998767937482587,
        -30.656879472183014,
        0.0,
        0.0,
        0.0,
        1.0
      ]
    },
    {
      "nodeUuid" : "a5a98958-f494-4fbd-ae6c-d64f5e0e2025",
      "optPos" : [
        -0.9935200715280698,
        0.11315782108912756,
        -0.010638373805240945,
        483698.43937478156,
        -0.11343381406087397,
        -0.9930779946217329,
        0.030477310013827075,
        3621315.268567777,
        -0.007115988930722544,
        0.03148657054105441,
        0.9994788434864944,
        -30.906220841524274,
        0.0,
        0.0,
        0.0,
        1.0
      ]
    },
    {
      "nodeUuid" : "6b7affcf-19e9-4b3f-9e02-f42d52f5b868",
      "optPos" : [
        -0.8078888219903457,
        -0.5891200789397175,
        0.015911753301054335,
        483722.7021451313,
        0.5891933580068339,
        -0.8079920646284849,
        -1.018726152438988E-4,
        3621308.991719228,
        0.012916585604712278,
        0.009292797612102046,
        0.9998733948499966,
        -30.65466096907895,
        0.0,
        0.0,
        0.0,
        1.0
      ]
    },
    {
      "nodeUuid" : "2c8866ec-cbe5-4332-adde-d7c9ea81d232",
      "optPos" : [
        -0.9904104329365085,
        0.13770180009282598,
        -0.011197704305361267,
        483697.4334001724,
        -0.13799263802005873,
        -0.9899267085431055,
        0.03167244173216956,
        3621315.1553475326,
        -0.0067235543263903415,
        0.03291391748497983,
        0.9994355746385114,
        -30.923088398647792,
        0.0,
        0.0,
        0.0,
        1.0
      ]
    },
    {
      "nodeUuid" : "4944bd79-4c37-48cd-987a-13628958ebf3",
      "optPos" : [
        -0.8271660321807947,
        -0.5617596091416845,
        0.014916324723701628,
        483722.1425945148,
        0.5618512393134875,
        -0.8272345023488168,
        0.002502599769307079,
        3621309.3968134304,
        0.010933438991440642,
        0.010450821053328476,
        0.9998856135834397,
        -30.654928202289554,
        0.0,
        0.0,
        0.0,
        1.0
      ]
    },
    {
      "nodeUuid" : "2f434c3c-de9b-404f-97cd-4a3df832efa9",
      "optPos" : [
        -0.9886756809474634,
        0.14959829104315644,
        -0.011863777646073916,
        483696.9346943025,
        -0.14990524785893647,
        -0.988193186168424,
        0.03166454601992759,
        3621315.093646181,
        -0.006986742260828963,
        0.03308440912672225,
        0.9994281401408089,
        -30.933019224879725,
        0.0,
        0.0,
        0.0,
        1.0
      ]
    },
    {
      "nodeUuid" : "d138e99f-e6ed-4986-96a9-b8dc388da59e",
      "optPos" : [
        -0.8450223054428334,
        -0.5345759562081731,
        0.012878289800871178,
        483721.5581236817,
        0.5346672958942165,
        -0.8450483802108588,
        0.004910988105270588,
        3621309.798973286,
        0.00825748177381022,
        0.011035494874291948,
        0.9999050114124023,
        -30.653874734919267,
        0.0,
        0.0,
        0.0,
        1.0
      ]
    },
    {
      "nodeUuid" : "d7bddaa8-74d8-4bfd-a672-7a01fc835974",
      "optPos" : [
        -0.9869042205946552,
        0.16081250704350872,
        -0.012625250525759954,
        483696.4265146465,
        -0.1611402914586486,
        -0.9864189393422016,
        0.031803813853497065,
        3621315.0176170627,
        -0.007339335193223774,
        0.03342175467248241,
        0.9994143887665091,
        -30.936908878898024,
        0.0,
        0.0,
        0.0,
        1.0
      ]
    },
    {
      "nodeUuid" : "c7b17515-0dc9-40f9-ae48-4e4e9bd80646",
      "optPos" : [
        -0.8616251939739982,
        -0.5074752808534064,
        0.008418101450200246,
        483720.95095770754,
        0.5075189969553191,
        -0.8616305720831701,
        0.004150298916428454,
        3621310.179225136,
        0.005147119460150083,
        0.007848348513191482,
        0.9999559543234292,
        -30.64931629991906,
        0.0,
        0.0,
        0.0,
        1.0
      ]
    },
    {
      "nodeUuid" : "22a92d63-27ec-47a5-832e-b3ef53dfa2ea",
      "optPos" : [
        -0.9850544746406152,
        0.17169414806754382,
        -0.013740506171951286,
        483695.9134340757,
        -0.17205247787994085,
        -0.9845804319306186,
        0.03161199004632909,
        3621314.9372956706,
        -0.008101039802000979,
        0.03350362038163992,
        0.9994057637293517,
        -30.946111414734283,
        0.0,
        0.0,
        0.0,
        1.0
      ]
    },
    {
      "nodeUuid" : "75d7156e-e861-47b8-9a89-5824b59caaba",
      "optPos" : [
        -0.87703590806986,
        -0.4804037791958798,
        0.004497209178268149,
        483720.3162892672,
        0.480420004552261,
        -0.8770306246779669,
        0.00372861944726311,
        3621310.5506121987,
        0.002152947301275546,
        0.005430682396673391,
        0.9999829361077238,
        -30.642851356607306,
        0.0,
        0.0,
        0.0,
        1.0
      ]
    },
    {
      "nodeUuid" : "1e47d7aa-801c-435b-a09e-edb8f5355f4c",
      "optPos" : [
        -0.9831733971063669,
        0.18215406960568112,
        -0.013782820771300244,
        483695.4042038095,
        -0.18251961003309328,
        -0.9826473187770934,
        0.03302784966595013,
        3621314.849521007,
        -0.007527494649125959,
        0.03498773822752436,
        0.9993593923099081,
        -30.947932893700447,
        0.0,
        0.0,
        0.0,
        1.0
      ]
    },
    {
      "nodeUuid" : "68a9458a-cc35-4d31-b994-cd3c9e8326d7",
      "optPos" : [
        -0.8907950742011673,
        -0.45440090399627203,
        0.0019885236501092514,
        483719.66356128146,
        0.45440509015844716,
        -0.890789949078323,
        0.003046417425715189,
        3621310.9068453717,
        3.870620488268833E-4,
        0.0036173289052977915,
        0.9999933825353855,
        -30.643447988534447,
        0.0,
        0.0,
        0.0,
        1.0
      ]
    },
    {
      "nodeUuid" : "831ff183-b251-4c0d-8c4b-7e8959a4b561",
      "optPos" : [
        -0.9812005787419266,
        0.19260570537653177,
        -0.01218468435851607,
        483694.8921286721,
        -0.1929113433639994,
        -0.980650968740425,
        0.03330001666610832,
        3621314.7607313883,
        -0.005535149320949031,
        0.035024559452968944,
        0.9993711234356939,
        -30.96131742100487,
        0.0,
        0.0,
        0.0,
        1.0
      ]
    },
    {
      "nodeUuid" : "e2d6bc6c-6b8b-4ab5-8527-208123aa5c8d",
      "optPos" : [
        -0.9026247302649327,
        -0.4304283781992761,
        8.691891892926251E-5,
        483718.9842726354,
        0.430427714319561,
        -0.9026229442716636,
        0.0019501846046228542,
        3621311.2518567117,
        -7.60959786040171E-4,
        0.001797697164320378,
        0.9999980946107396,
        -30.651377273499133,
        0.0,
        0.0,
        0.0,
        1.0
      ]
    },
    {
      "nodeUuid" : "5023cb0d-690c-4746-a221-ae4e4461bb84",
      "optPos" : [
        -0.9791914181530812,
        0.20269314779950212,
        -0.00998270757294394,
        483694.3815198344,
        -0.20291673494999743,
        -0.9786253288948512,
        0.033425504075122056,
        3621314.6642084755,
        -0.0029942098440618177,
        0.03475562516446276,
        0.9993913553892875,
        -30.968723901446342,
        0.0,
        0.0,
        0.0,
        1.0
      ]
    },
    {
      "nodeUuid" : "4065dc98-f79e-41cb-a65b-061534666c91",
      "optPos" : [
        -0.9120980768523712,
        -0.40996529450737906,
        -0.0023570111761588007,
        483718.28738361143,
        0.40996367637996567,
        -0.9121011181191904,
        0.0011551513954105714,
        3621311.579223424,
        -0.0026234045112139724,
        8.732239918058854E-5,
        0.9999965550558506,
        -30.662778452580064,
        0.0,
        0.0,
        0.0,
        1.0
      ]
    },
    {
      "nodeUuid" : "7ea98b0a-fade-4f8c-a6db-e3811258e91d",
      "optPos" : [
        -0.9772254933480184,
        0.21205873621182417,
        -0.007837572772614433,
        483693.8615303254,
        -0.2122031376381205,
        -0.9766273415657695,
        0.03418865429809001,
        3621314.5572001175,
        -4.043850380107765E-4,
        0.03507318209717178,
        0.9993846648664966,
        -30.972821349784123,
        0.0,
        0.0,
        0.0,
        1.0
      ]
    },
    {
      "nodeUuid" : "028e9368-36d7-4690-80f3-f0e1ac5cb17b",
      "optPos" : [
        -0.919339206202737,
        -0.39341668371806887,
        -0.00622389836037186,
        483717.572090871,
        0.39343034128319526,
        -0.9193537754124993,
        -0.001096445426555769,
        3621311.899489562,
        -0.005290604531798114,
        -0.0034566757241274145,
        0.9999800302489186,
        -30.667067292803694,
        0.0,
        0.0,
        0.0,
        1.0
      ]
    },
    {
      "nodeUuid" : "e41bde59-ca17-478e-ba96-1599fab3cfbc",
      "optPos" : [
        -0.9753076071050841,
        0.22076176749394938,
        -0.006270050709668795,
        483693.34190540074,
        -0.22084673782310982,
        -0.9747245975172008,
        0.03374429415206668,
        3621314.4445302193,
        0.0013378773654516268,
        0.034295787028118065,
        0.9994108309780706,
        -30.984813718890805,
        0.0,
        0.0,
        0.0,
        1.0
      ]
    },
    {
      "nodeUuid" : "bdf1f2ec-60b6-4517-a9cd-e536b8c95212",
      "optPos" : [
        -0.9254212301436998,
        -0.37879864610019315,
        -0.010350483659347307,
        483716.8374063551,
        0.37884914228765504,
        -0.9254522743256371,
        -0.003378658522895898,
        3621312.2073679892,
        -0.008299047368805448,
        -0.007047954183099931,
        0.9999407243204986,
        -30.67404425904333,
        0.0,
        0.0,
        0.0,
        1.0
      ]
    },
    {
      "nodeUuid" : "8c851697-df71-4c80-83a0-507cdc0a702e",
      "optPos" : [
        -0.9732858635479148,
        0.2295532287342176,
        -0.004465758108565635,
        483692.8234502399,
        -0.2295700034980341,
        -0.9726923468448545,
        0.034164482776147975,
        3621314.3314004946,
        0.0034987585942371953,
        0.03427701222605585,
        0.9994062462888419,
        -30.986941610711156,
        0.0,
        0.0,
        0.0,
        1.0
      ]
    },
    {
      "nodeUuid" : "bb4ba7c3-863b-46c6-83b5-dcd5aa1d2098",
      "optPos" : [
        -0.9309506811029987,
        -0.36487531197497275,
        -0.014029827690599945,
        483716.092964167,
        0.364974382823258,
        -0.9310029600786026,
        -0.005214231262777955,
        3621312.5085182656,
        -0.011159266850625528,
        -0.009974719848005064,
        0.9998879815895927,
        -30.682453154499147,
        0.0,
        0.0,
        0.0,
        1.0
      ]
    },
    {
      "nodeUuid" : "0bb00f23-0caf-452e-87b5-e9509bcac8be",
      "optPos" : [
        -0.9712901647695518,
        0.23787498503440616,
        -0.003302622717968808,
        483692.30392190674,
        -0.2378464090710652,
        -0.9706974635036779,
        0.034285857718954565,
        3621314.211422819,
        0.004949900396546163,
        0.0340870333470942,
        0.999406610266141,
        -30.995853817965777,
        0.0,
        0.0,
        0.0,
        1.0
      ]
    },
    {
      "nodeUuid" : "489855aa-d7a1-4cb5-a121-e10592280215",
      "optPos" : [
        -0.93648530666781,
        -0.35041585531997504,
        -0.01428281259648278,
        483715.33394592087,
        0.3504976437039349,
        -0.9365566466960912,
        -0.0036123797366618567,
        3621312.808833443,
        -0.012110827935587706,
        -0.008389032706020464,
        0.9998914700991163,
        -30.696911700639042,
        0.0,
        0.0,
        0.0,
        1.0
      ]
    },
    {
      "nodeUuid" : "9b80d6da-216b-4c29-a70c-79811c084449",
      "optPos" : [
        -0.9691990191253324,
        0.2462589128313781,
        -0.003131960664182416,
        483691.7826306849,
        -0.24621707840384247,
        -0.9685928922290847,
        0.034712525485384574,
        3621314.088582901,
        0.005514673949594129,
        0.034414487856208556,
        0.9993924311284459,
        -30.99335152621289,
        0.0,
        0.0,
        0.0,
        1.0
      ]
    },
    {
      "nodeUuid" : "db474f70-a33e-4df5-bdfd-77b853012b65",
      "optPos" : [
        -0.9421833707419267,
        -0.33497586583904093,
        -0.009036880145634961,
        483714.5615107413,
        0.33497860947350105,
        -0.942224899065182,
        0.0012533063505440448,
        3621313.0960525493,
        -0.008934600863020092,
        -0.0018463171432356353,
        0.9999583811441478,
        -30.711628443511895,
        0.0,
        0.0,
        0.0,
        1.0
      ]
    },
    {
      "nodeUuid" : "1ef04c1e-4e43-4df7-a052-01a8788cdaa5",
      "optPos" : [
        -0.9670196212168513,
        0.2546788035826988,
        -0.003429167144233248,
        483691.259952789,
        -0.25464275697916494,
        -0.966417394562781,
        0.0345613339519243,
        3621313.9578380384,
        0.005488032404047998,
        0.03429470064268885,
        0.99939669551593,
        -30.999568675706865,
        0.0,
        0.0,
        0.0,
        1.0
      ]
    }
  ]
}